redshift	log_Sigma1kpc_Msun_kpc-2	log_sSFR1kpc_yr-1	xray_L_gt_5e43
4.38291788	8.42484608	-8.34389749	0
3.00421977	10.20326849	-10.32739045	0
1.87019837	9.95418877	-10.48253475	0
3.52796721	10.01699162	-9.67382114	0
4.46966600	9.21483270	-8.53211171	0
4.39566612	8.92667573	-8.43512898	0
1.52555180	10.10555705	-8.50144640	0
3.09021497	9.75737333	-8.35999416	1
3.77291179	9.59833077	-10.93483873	0
2.73739624	10.09600614	-11.38090396	0
1.08491051	9.57855795	-10.66426097	0
0.83011055	9.89788326	-12.18626782	0
4.28885984	8.99360353	-8.35914857	0
0.78916270	10.02662023	-13.63030426	0
4.49786091	9.46399942	-8.94565406	0
3.89179325	9.69973577	-9.50348613	0
1.75781965	10.19383082	-12.69896441	0
1.72938037	9.87766519	-11.08766104	0
2.19111347	10.06944001	-8.46109105	1
2.16587877	10.08915233	-10.66468338	0
4.40577364	8.91215068	-8.35206663	0
2.61258006	9.98339339	-8.40098668	0
1.01250005	10.13336581	-12.87868341	0
4.17147684	8.92893839	-8.25382826	0
1.52866185	9.84389844	-8.45830944	1
1.41927636	9.98581675	-11.94066177	1
3.43746710	9.65002791	-8.38103246	0
2.94252896	10.06477211	-9.78905388	0
2.89574099	10.21469586	-10.43390271	0
0.82530779	9.85722468	-8.92066758	0
3.45268393	9.51861618	-8.25765988	0
4.35458469	9.24743234	-8.38133187	0
3.44046998	10.35167160	-8.34831671	0
3.64016008	10.24940340	-8.40355976	1
4.30234480	8.76658267	-8.33698851	0
4.63033247	9.32135891	-8.30211014	0
3.38107371	9.73709923	-8.70948441	0
3.43430614	10.08246696	-8.36257974	0
1.53217006	9.62106301	-8.92264234	0
4.57240391	9.20321156	-8.21671522	0
2.80267906	10.01995102	-8.54154367	0
0.91516501	9.99798880	-8.77304222	0
1.75003076	9.94270816	-11.24347881	0
2.93255496	10.20241827	-8.48741325	0
1.65964341	9.71664139	-9.22160369	0
0.97539997	10.09156101	-12.48538873	0
2.25384045	9.95716662	-9.71200317	0
3.43273401	10.01203949	-9.39875902	0
4.45825958	9.25788095	-8.22827599	0
1.59420240	10.09504758	-9.19656282	0
0.73346692	10.10504592	-12.11835866	0
3.32370830	10.29926074	-10.08270420	0
3.46055079	9.90450370	-9.57065298	0
2.15617633	9.68540370	-8.45445594	0
2.04929662	10.21252589	-12.34902575	0
1.76776934	9.67282179	-8.85808381	0
2.00107718	10.38725333	-12.35147436	0
3.54031157	9.68262315	-8.57754587	0
2.20265698	10.19506086	-10.28853255	0
1.41129076	9.63811030	-8.87079803	0
2.52454996	10.10435110	-10.85339666	0
4.14270020	9.47583394	-8.58897791	0
2.41481781	10.40443102	-10.58603432	0
2.66202235	9.97075063	-11.15407404	1
2.52872992	9.85095930	-8.56235884	0
2.36147666	9.97760041	-11.03148557	0
2.51889992	9.36927423	-9.09705997	1
3.77870011	9.83726252	-8.53359057	0
1.45047998	10.08857288	-10.09178334	0
3.13951445	9.55105251	-8.56944517	0
3.07889795	10.25449994	-12.27912216	1
3.46095133	9.84051886	-10.18663280	0
1.82350004	9.98611113	-9.91046166	0
4.61999702	10.37903104	-8.23674273	0
1.70281315	10.00553815	-11.18574558	0
1.69100857	9.92677194	-10.34647977	0
3.89123011	9.94667177	-9.79689648	0
4.62659979	8.82255270	-8.31006895	0
1.68252623	10.06534182	-12.59201151	0
1.51587045	10.15363000	-8.84817955	0
1.67079997	10.12424434	-9.85986793	0
2.49524522	10.29780227	-12.72106448	0
1.65666986	9.85084798	-9.66245701	1
4.13397360	9.43322205	-8.67157378	0
0.62730002	10.12478446	-13.61972634	0
4.19289875	9.10322399	-8.30091896	0
1.72284722	9.86171228	-11.96237332	0
4.09408903	9.87908416	-9.40640823	0
0.77949834	10.14308313	-13.57518135	0
3.97063565	9.16542656	-8.39458065	0
1.99051523	10.22232753	-8.42211882	0
0.51751786	10.03940022	-11.79974178	0
2.76288986	9.99032360	-11.42896776	0
2.03800392	9.99840085	-9.92968503	0
2.46556640	9.94915684	-8.29168440	1
4.44778824	9.90907711	-8.92586488	0
4.35913992	9.05295380	-8.52656318	0
0.89026713	10.17585525	-10.95645641	0
1.00392902	10.08171928	-10.72803401	0
1.00090313	10.16863425	-10.56268842	0
2.89087510	9.92829801	-10.60230750	0
3.39483881	10.29451007	-9.13442511	1
3.54643059	10.35992121	-8.46890211	0
1.66205096	10.15223733	-11.08385512	0
4.94492674	9.50050265	-8.43056507	0
1.83101308	10.23270532	-10.93973766	0
3.46004915	10.44249888	-12.30794906	0
3.50318217	9.55588339	-9.65045420	0
1.62696493	10.26746544	-9.32755610	0
2.62280083	9.91024714	-9.42687169	0
3.46851921	9.28084596	-8.86289079	0
2.56907511	10.03032966	-11.53449314	0
2.98709965	9.62952079	-9.06084310	0
2.62852502	9.95485318	-9.37510441	0
0.64046931	9.86763484	-9.70920418	0
4.78595495	9.28346856	-8.46983781	0
3.38805652	9.56206914	-8.58142736	0
3.98095989	9.37046674	-8.38284087	0
2.56881523	10.47098240	-8.33338636	0
3.99298716	10.15514886	-10.13651387	0
0.64201951	9.84237006	-8.73640502	0
3.46864343	8.93452167	-9.41571961	0
3.90948772	9.93255759	-10.42281110	0
0.64048374	9.91777097	-9.60788737	0
2.56905842	9.61955326	-8.36891385	0
3.44790578	9.90818502	-8.45442388	0
1.66539073	10.02262087	-10.64398016	0
1.98914039	10.06694608	-10.27188486	0
4.80470324	9.50617847	-8.50936560	0
3.73646617	9.91246648	-9.29924108	0
3.24422693	9.73818599	-8.60182675	0
4.12757635	9.80685294	-8.51333016	0
2.61975718	9.95580527	-11.54745569	1
0.71430433	10.09792568	-11.20420915	0
4.40868282	8.99071875	-8.34939570	0
1.80011761	9.89603222	-9.97018047	0
2.46087813	10.23031689	-10.38869623	0
1.45599997	10.29077171	-13.07267546	0
1.76823080	10.30872307	-12.76928889	0
3.79713678	9.79916053	-8.40980310	1
2.73104572	9.78911744	-11.81103769	0
2.98600459	9.63661050	-9.30101919	0
0.75122273	10.11040557	-13.10844454	0
2.54517078	10.15781699	-12.53112331	0
0.60299999	10.26537057	-12.93401858	1
0.81272274	10.17129272	-13.47063892	0
4.44837856	9.26471696	-8.58953572	0
2.63412142	10.10406937	-9.93644113	0
4.31504393	8.99036032	-8.23123299	0
4.44698572	9.59737118	-9.14705552	0
0.64726877	10.22595933	-12.82613801	0
1.34110928	10.21076882	-13.32411292	0
1.41100001	10.09847469	-12.76454688	0
2.64551044	10.04792905	-10.21646553	0
2.65895653	10.08315072	-10.41522572	0
0.74226111	10.18217121	-13.29705770	0
0.78905070	9.99779199	-13.44703709	0
2.54418898	9.71444680	-9.50042588	0
2.04857063	10.04848010	-12.07550946	0
1.76838815	10.24001704	-9.74138635	0
3.98685455	10.37389384	-8.28870313	0
3.29205656	9.66812798	-8.96653779	0
3.76867509	9.47901805	-8.66181930	0
3.19677544	9.57692274	-9.09729689	0
4.09274101	10.03983113	-9.89853679	0
2.17132783	10.04944181	-8.55302002	0
3.19398665	10.24971573	-10.47485943	0
0.73635161	10.01724596	-13.53247267	0
2.18195009	9.73800987	-8.62020946	0
0.64399999	10.16390198	-13.66948186	0
2.12095451	9.99890486	-12.19129543	0
4.36274624	10.18407212	-9.46275754	0
4.40594149	9.33585052	-8.75457282	0
0.91900003	10.21444881	-12.97624453	0
0.78458339	10.14756708	-13.51423355	0
2.19255829	9.71881637	-9.58495696	0
1.89014781	10.23575161	-10.88489197	0
3.65459704	9.93112018	-9.59413254	0
4.23140287	9.24699956	-8.34052098	0
1.37750006	10.10618558	-11.82470819	0
2.73090792	9.74999876	-9.00412544	0
1.45239210	10.21031507	-12.19096778	0
2.86321855	9.91841719	-8.85786390	0
2.04623795	10.28416001	-13.10845630	0
4.38190699	9.07011580	-8.38736175	0
1.76116300	10.28173993	-12.35224203	0
2.50252438	9.98015551	-10.89479796	0
4.44674253	9.70323280	-8.82731988	0
3.97000003	10.25728363	-8.61746662	0
1.80928147	9.92639209	-8.64736859	0
2.42395186	10.13632140	-10.56741022	0
4.96500015	8.85527865	-8.24033976	0
3.40925479	9.69716823	-8.68266034	0
0.73320001	10.07860461	-8.64130232	0
3.48852968	9.57335970	-8.74612510	0
4.47266912	8.99502477	-8.26875531	0
0.92510003	10.11887034	-12.80516621	0
2.86500001	10.49922783	-10.07537681	0
2.76957273	10.07463716	-10.25342542	0
4.45497751	8.95442471	-8.37758576	0
2.04701734	10.05897385	-10.70276552	0
2.10070324	9.98306089	-8.31592237	1
4.28970814	9.87769752	-8.32781991	0
2.09095788	10.45340751	-12.41549647	0
2.45202899	10.03496113	-11.00062257	0
3.46246266	10.12389872	-10.12797422	0
4.54277468	9.06295349	-8.23783971	0
4.45997429	9.51906158	-8.55812991	0
0.53219998	9.91555664	-11.93233269	0
4.40972233	9.00961291	-8.37222367	0
2.55539703	9.84583076	-12.01423181	0
2.47150350	10.09598652	-12.56706647	0
2.46743393	9.78491995	-12.90135475	0
4.12099981	9.68588614	-9.07608727	0
3.53276229	9.33961005	-8.34332334	0
2.79516482	10.39877221	-10.44409490	0
4.69607878	8.66625162	-8.20908069	0
4.63950014	8.94027729	-8.56064813	0
3.50039434	9.31477796	-9.04994326	0
2.54283834	9.66521056	-8.94500226	0
3.47639656	9.96837128	-8.94325700	0
4.29545593	9.14698538	-8.36488482	0
2.92633915	10.36956183	-10.06967745	0
3.00989580	9.80771071	-9.28420921	0
0.87830001	9.94062793	-12.58668131	0
2.10260010	10.11580530	-10.57653250	0
1.21700001	10.18580517	-12.87064419	0
2.10230017	9.89027900	-10.63686676	0
1.60327113	10.14420656	-8.43861190	1
1.52566004	10.05490739	-10.42171871	0
2.68760991	10.01385831	-10.30240298	0
4.54306650	9.17538670	-8.46245170	0
3.59667253	9.60106375	-8.54952187	0
3.46584105	9.83715454	-10.65041784	0
1.72380722	9.79736210	-9.17713775	0
4.09000015	9.23597320	-8.93692445	0
3.32784772	9.52767117	-9.94946340	0
4.93112803	8.97181479	-8.22525312	0
3.74824905	9.78673887	-9.72962229	0
2.07844281	10.03835143	-9.69454661	0
3.74284244	9.56714821	-8.98340948	0
4.56445169	9.14316699	-8.29780535	0
3.93600011	9.85694740	-8.25915235	0
2.51321006	9.82515480	-9.53240914	0
4.30715275	9.11754131	-8.49837508	0
1.92809606	10.38982978	-13.48817916	0
3.33183098	9.59866946	-8.83782516	0
3.48578882	9.82635207	-9.39113770	0
2.19675851	9.57835194	-8.48165898	0
1.58469999	10.37715108	-11.11478811	0
